STARLINK-24             
1 44238U 19029D   21208.07215261  .00006112  00000-0  32666-3 0  9995
2 44238  52.9943 167.4704 0001348  66.0283 294.0850 15.16369588120356
STARLINK-61             
1 44249U 19029Q   21207.80411939  .00008762  00000-0  39325-3 0  9999
2 44249  52.9845 141.8292 0004210 164.4449 195.6676 15.21944994120780
STARLINK-71             
1 44252U 19029T   21208.06072712  .00006131  00000-0  30918-3 0  9991
2 44252  52.9989 168.7266 0001775  42.6572 317.4559 15.18426387120331
STARLINK-43             
1 44257U 19029Y   21207.66785878  .00029822  00000-0  61383-3 0  9997
2 44257  52.9988  52.7135 0001950  94.7933 265.3295 15.45715884122014
STARLINK-70             
1 44281U 19029AY  21208.08130479  .00093765  00000-0  99075-3 0  9998
2 44281  52.9939  77.2907 0001900 111.1187 249.0029 15.63447468121637
STARLINK-80             
1 44282U 19029AZ  21207.40590463  .00014751  00000-0  47201-3 0  9999
2 44282  53.0208  96.1156 0004994  58.6014 301.5474 15.32643830119806
STARLINK-76             
1 44287U 19029BE  21207.32505968  .00112139  00000-0  10637-2 0  9992
2 44287  52.9904  68.7639 0000874  88.5290 271.5824 15.66088862120963
STARLINK-1007           
1 44713U 19074A   21208.11866952  .00000198  00000-0  32186-4 0  9993
2 44713  53.0543 197.9370 0000587  72.4779 287.6274 15.06389361 94712
STARLINK-1008           
1 44714U 19074B   21207.37042926  .00000438  00000-0  48302-4 0  9992
2 44714  53.0537 201.2936 0000613  42.4252 317.6784 15.06389138 94437
STARLINK-1009           
1 44715U 19074C   21207.35935965  .00000438  00000-0  48288-4 0  9998
2 44715  53.0533 201.3446 0000809  80.2051 279.9030 15.06385116 94420
STARLINK-1010           
1 44716U 19074D   21207.37780771  .00000500  00000-0  52434-4 0  9992
2 44716  53.0549 201.2385 0000384  51.3307 308.7716 15.06392210 94414
STARLINK-1011           
1 44717U 19074E   21208.03940557  .00000522  00000-0  53905-4 0  9995
2 44717  53.0526 218.2923 0000258   6.0122 354.0870 15.06398793 94426
STARLINK-1012           
1 44718U 19074F   21208.01176235 -.00001196  00000-0 -61444-4 0  9995
2 44718  53.0540 198.4164 0000847  76.9677 283.1406 15.06400814 94698
STARLINK-1013           
1 44719U 19074G   21208.01915139  .00000664  00000-0  63409-4 0  9990
2 44719  53.0525 198.3815 0000425  55.1888 304.9141 15.06399666 94699
STARLINK-1014           
1 44720U 19074H   21207.37409976  .00000574  00000-0  57398-4 0  9997
2 44720  53.0546 201.2823 0000607  54.4699 305.6346 15.06405764 94435
STARLINK-1015           
1 44721U 19074J   21207.69476859 -.00000920  00000-0 -42911-4 0  9999
2 44721  53.0528 199.8380 0000744  90.7134 269.3940 15.06404232 94643
STARLINK-1016           
1 44722U 19074K   21207.36673757  .00000272  00000-0  37134-4 0  9999
2 44722  53.0532 201.3103 0000555  75.2746 284.8305 15.06387951 94430
STARLINK-1017           
1 44723U 19074L   21207.38149628  .00000335  00000-0  41338-4 0  9998
2 44723  53.0546 201.2336 0000575  55.8991 304.2052 15.06397796 94435
STARLINK-1019           
1 44724U 19074M   21207.67634013  .00000453  00000-0  49268-4 0  9999
2 44724  53.0535 199.9216 0000662  15.2677 344.8332 15.06388504 94643
STARLINK-1020           
1 44725U 19074N   21207.74822419  .00000225  00000-0  33995-4 0  9994
2 44725  53.0527 219.5995 0000481  55.8609 304.2426 15.06383553 94375
STARLINK-1021           
1 44726U 19074P   21207.67267150  .00000508  00000-0  52996-4 0  9998
2 44726  53.0560 199.9422 0000502  44.0828 316.0201 15.06387912 94641
STARLINK-1022           
1 44727U 19074Q   21207.38420561  .00000500  00000-0  52457-4 0  9998
2 44727  53.0542 241.2257 0001613  61.2165 298.8986 15.06401248 93889
STARLINK-1023           
1 44728U 19074R   21207.38515119  .00000674  00000-0  64106-4 0  9999
2 44728  53.0552 201.2223 0000651  58.7293 301.3759 15.06407707 94430
STARLINK-1024           
1 44729U 19074S   21207.38335688  .00001089  00000-0  90080-4 0  9992
2 44729  53.0004 219.4741 0000963  17.1077 342.9944 15.07227086 94162
STARLINK-1025           
1 44730U 19074T   21208.08414712  .00181331  00000-0  79722-3 0  9996
2 44730  53.0196 176.9723 0000491 254.3613 105.7355 15.83544573 94988
STARLINK-1026           
1 44731U 19074U   21207.41832520 -.00001157  00000-0 -58777-4 0  9991
2 44731  53.0544 201.0873 0000756  72.0283 288.0788 15.06402194 94436
STARLINK-1027           
1 44732U 19074V   21208.06889996 -.00000876  00000-0 -39974-4 0  9998
2 44732  53.0551 218.1665 0000231  45.6858 314.4150 15.06385834 94422
STARLINK-1028           
1 44733U 19074W   21208.00072463  .00000540  00000-0  55119-4 0  9991
2 44733  53.0543 198.4628 0000686  39.5009 320.6030 15.06401549 94694
STARLINK-1029           
1 44734U 19074X   21207.76003370 -.00000859  00000-0 -39758-4 0  9991
2 44734  52.9998 119.5451 0001890  45.5050 314.6092 15.05580216 95764
STARLINK-1030           
1 44735U 19074Y   21207.74453592 -.00001201  00000-0 -61769-4 0  9994
2 44735  53.0539 219.6180 0000607  57.7743 302.3305 15.06395781 94377
STARLINK-1031           
1 44736U 19074Z   21207.42753639  .00000332  00000-0  41119-4 0  9994
2 44736  53.0534 221.0434 0000357  73.4197 286.6831 15.06404192 94164
STARLINK-1032           
1 44737U 19074AA  21207.37225992  .00000244  00000-0  35260-4 0  9997
2 44737  53.0553 221.2885 0000242  43.1878 316.9130 15.06391092 94153
STARLINK-1033           
1 44738U 19074AB  21207.75559349  .00000239  00000-0  34941-4 0  9995
2 44738  53.0524 219.5670 0000467  72.4600 287.6440 15.06386820 94376
STARLINK-1052           
1 44739U 19074AC  21207.74112396  .00002525  00000-0  18502-3 0  9996
2 44739  52.9974 218.2393 0001002  70.1802 289.9295 15.07084865 94375
STARLINK-1035           
1 44740U 19074AD  21208.09837277 -.00001388  00000-0 -74331-4 0  9990
2 44740  53.0533 218.0231 0000464  46.1458 313.9569 15.06392289 94430
STARLINK-1036           
1 44741U 19074AE  21207.44597320  .00000205  00000-0  32652-4 0  9996
2 44741  53.0554 220.9503 0000431  64.7577 295.3457 15.06393740 94162
STARLINK-1037           
1 44742U 19074AF  21207.71847355  .00002404  00000-0  17206-3 0  9993
2 44742  52.9965 215.5734 0000824 139.7390 220.3660 15.08173327 94416
STARLINK-1038           
1 44743U 19074AG  21207.49572964  .00000257  00000-0  36102-4 0  9991
2 44743  53.0540 240.7381 0000541  91.8621 268.2430 15.06394402 93981
STARLINK-1039           
1 44744U 19074AH  21207.50679075  .00000208  00000-0  32805-4 0  9997
2 44744  53.0553 240.6773 0000358 101.3368 258.7661 15.06395857 93896
STARLINK-1041           
1 44746U 19074AK  21207.49204970  .00000272  00000-0  37108-4 0  9997
2 44746  53.0529 240.7409 0000470  97.5077 262.5965 15.06390442 93891
STARLINK-1042           
1 44747U 19074AL  21207.78692372 -.00001209  00000-0 -62335-4 0  9990
2 44747  53.0542 239.4320 0000346 118.7041 241.3983 15.06393052 94114
STARLINK-1043           
1 44748U 19074AM  21207.48466660  .00000425  00000-0  47421-4 0  9993
2 44748  53.0532 240.7813 0000248 116.6404 243.4610 15.06397079 93894
STARLINK-1044           
1 44749U 19074AN  21208.10274003 -.00000235  00000-0  29199-5 0  9995
2 44749  53.0560 197.2955 0008206 282.0891  77.9207 15.71466983 94716
STARLINK-1046           
1 44751U 19074AQ  21207.43306166  .00000441  00000-0  48493-4 0  9994
2 44751  53.0544 241.0126 0000451 124.9864 235.1167 15.06400885 93884
STARLINK-1047           
1 44752U 19074AR  21208.05046399  .00000649  00000-0  62445-4 0  9996
2 44752  53.0529 218.2430 0000599  77.0804 283.0252 15.06408775 94421
STARLINK-1048           
1 44753U 19074AS  21208.05600673  .00000334  00000-0  41308-4 0  9994
2 44753  53.0559 198.2228 0000516  59.8775 300.2265 15.06402475 94709
STARLINK-1049           
1 44754U 19074AT  21207.99335196  .00000371  00000-0  43747-4 0  9992
2 44754  53.0540 198.4968 0000406  76.4805 283.6229 15.06391263 94694
STARLINK-1050           
1 44755U 19074AU  21207.37777901  .00000654  00000-0  62800-4 0  9994
2 44755  53.0541 241.2626 0000484  80.4771 279.6272 15.06395610 94421
STARLINK-1051           
1 44756U 19074AV  21208.06641874  .00019606  00000-0  15440-3 0  9995
2 44756  53.0515 173.9865 0002024  47.1260 312.9927 15.71501515 95035
STARLINK-1034           
1 44757U 19074AW  21207.72978951 -.00000916  00000-0 -42625-4 0  9999
2 44757  53.0526 219.6709 0000450  64.4456 295.6580 15.06390247 94377
STARLINK-1053           
1 44758U 19074AX  21208.06978409  .00001518  00000-0  12077-3 0  9990
2 44758  53.0515 238.1520 0000698  14.0190 346.0818 15.06405865 94157
STARLINK-1054           
1 44759U 19074AY  21207.79429821  .00000461  00000-0  49812-4 0  9993
2 44759  53.0540 239.3960 0000382  86.0885 274.0148 15.06384249 94111
STARLINK-1055           
1 44760U 19074AZ  21207.51415858  .00000473  00000-0  50614-4 0  9995
2 44760  53.0538 240.6587 0000279  94.5417 265.5604 15.06397516 93909
STARLINK-1056           
1 44761U 19074BA  21207.79060044  .00000361  00000-0  43092-4 0  9997
2 44761  53.0531 239.4141 0000446  97.0789 263.0251 15.06399711 94115
STARLINK-1057           
1 44762U 19074BB  21207.32801307  .00000460  00000-0  49711-4 0  9996
2 44762  53.0544 221.4895 0000407  72.4636 287.6397 15.06403481 94148
STARLINK-1058           
1 44763U 19074BC  21207.81272807 -.00001379  00000-0 -73757-4 0  9997
2 44763  53.0540 239.3099 0000372 121.9512 238.1513 15.06386472 94111
STARLINK-1059           
1 44764U 19074BD  21207.72242508  .00000471  00000-0  50456-4 0  9994
2 44764  53.0533 219.7194 0000378  70.2559 289.8471 15.06397393 94373
STARLINK-1060           
1 44765U 19074BE  21207.74084724  .00000677  00000-0  64338-4 0  9993
2 44765  53.0531 219.6322 0000536  67.9447 292.1599 15.06387253 94371
STARLINK-1061           
1 44766U 19074BF  21207.47360518  .00000703  00000-0  66063-4 0  9999
2 44766  53.0526 240.8340 0000941 121.1233 238.9848 15.06398378 93899
STARLINK-1062           
1 44767U 19074BG  21208.06336756 -.00001469  00000-0 -79782-4 0  9997
2 44767  53.0533 238.1870 0000816  55.0991 305.0075 15.06392880 94153
STARLINK-1063           
1 44768U 19074BH  21208.08547684  .00000610  00000-0  59784-4 0  9999
2 44768  53.0546 238.0884 0000369 101.1950 258.9081 15.06406225 94155
STARLINK-1064           
1 44769U 19074BJ  21208.07727179 -.00004574  00000-0 -29492-3 0  9995
2 44769  53.0003 238.1162 0000464  84.1430 275.9611 15.05591119 94135
STARLINK-1065           
1 44770U 19074BK  21207.48876941  .00002577  00000-0  18312-3 0  9991
2 44770  53.0018 236.9153 0001306 114.3257 245.7868 15.08170909 93937
STARLINK-1067           
1 44771U 19074BL  21207.47730867  .00000419  00000-0  47020-4 0  9999
2 44771  53.0555 240.8080 0000523  94.0736 266.0312 15.06380910 93891
STARLINK-1068           
1 44772U 19074BM  21207.73349275  .00000815  00000-0  73613-4 0  9995
2 44772  53.0539 219.6654 0000424  85.6614 274.4424 15.06395194 94377
STARLINK-1073           
1 44914U 20001A   21207.41830310  .00001452  00000-0  11634-3 0  9997
2 44914  53.0568   1.0793 0001265 103.7083 256.4047 15.06405552 85539
STARLINK-1084           
1 44915U 20001B   21207.44781004 -.00000680  00000-0 -26788-4 0  9997
2 44915  53.0564   0.9515 0001576 106.7175 253.3987 15.06397394 85540
STARLINK-1097           
1 44916U 20001C   21208.02173698  .00540086  00000-0  16750-1 0  9999
2 44916  53.0589 357.3074 0000821  87.2202 272.8892 15.30960198 85640
STARLINK-1098           
1 44917U 20001D   21207.78322323  .00000974  00000-0  84297-4 0  9994
2 44917  53.0570 359.4437 0001145 101.1114 259.0004 15.06400801 85594
STARLINK-1099           
1 44918U 20001E   21207.72794323 -.00000729  00000-0 -30057-4 0  9997
2 44918  53.0560 359.6945 0001611 105.5433 254.5734 15.06386216 86325
STARLINK-1101           
1 44919U 20001F   21208.03625216  .00552046  00000-0  17026-1 0  9997
2 44919  53.0537 357.2421 0001043 149.3461 210.7600 15.31095007 85642
STARLINK-1102           
1 44920U 20001G   21207.80903426 -.00000606  00000-0 -21803-4 0  9998
2 44920  53.0555 359.3280 0001524 115.2331 244.8817 15.06390892 85596
STARLINK-1103           
1 44921U 20001H   21207.56516360 -.00000912  00000-0 -43450-4 0  9991
2 44921  53.0034   0.4146 0001351 111.1124 249.0008 15.05577874 85547
STARLINK-1104           
1 44922U 20001J   21207.46623726  .00000951  00000-0  82739-4 0  9990
2 44922  53.0563   0.8659 0001212 102.2285 257.8840 15.06392102 85544
STARLINK-1106           
1 44923U 20001K   21207.49203441  .00001233  00000-0  10167-3 0  9991
2 44923  53.0564   0.7518 0001518 110.2003 249.9149 15.06398153 85541
STARLINK-1111           
1 44924U 20001L   21207.54733247 -.00000906  00000-0 -41921-4 0  9991
2 44924  53.0553   0.5033 0001687 114.8344 245.2821 15.06391038 85557
STARLINK-1112           
1 44925U 20001M   21207.49572524 -.00000765  00000-0 -32470-4 0  9997
2 44925  53.0550   0.7354 0001182 101.9989 258.1132 15.06397042 85543
STARLINK-1113           
1 44926U 20001N   21207.72780348 -.00000446  00000-0 -11408-4 0  9993
2 44926  53.0025 359.6927 0001742 116.0590 244.0578 15.05572504 86300
STARLINK-1114           
1 44927U 20001P   21207.57312563  .00000854  00000-0  76224-4 0  9995
2 44927  53.0566   0.3910 0001423  94.3917 265.7235 15.06398836 85562
STARLINK-1119           
1 44928U 20001Q   21207.83483406 -.00001165  00000-0 -59364-4 0  9994
2 44928  53.0574 359.2120 0001815 112.0826 248.0356 15.06389025 85606
STARLINK-1121           
1 44929U 20001R   21207.42202366 -.00000412  00000-0 -87954-5 0  9995
2 44929  53.0569   1.0673 0001584 105.7160 254.4004 15.06389412 85532
STARLINK-1123           
1 44930U 20001S   21207.45518790 -.00000575  00000-0 -19742-4 0  9990
2 44930  53.0570   0.9171 0001677 109.1430 250.9741 15.06388364 85543
STARLINK-1128           
1 44931U 20001T   21207.83115037 -.00000676  00000-0 -26528-4 0  9992
2 44931  53.0569 359.2318 0001503 111.4666 248.6483 15.06391196 86332
STARLINK-1130 (DARKSAT) 
1 44932U 20001U   21207.84220489 -.00000279  00000-0  16483-6 0  9991
2 44932  53.0569 359.1799 0001511 115.9895 244.1249 15.06388635 86837
STARLINK-1144           
1 44933U 20001V   21207.46992354 -.00000980  00000-0 -46924-4 0  9998
2 44933  53.0558   0.8500 0001423 110.4784 249.6358 15.06391682 86832
STARLINK-1071           
1 44934U 20001W   21207.74821620 -.00000512  00000-0 -15516-4 0  9991
2 44934  53.0553 339.6028 0001194 100.0133 260.0991 15.06389562 85860
STARLINK-1072           
1 44935U 20001X   21207.71503799 -.00000830  00000-0 -36816-4 0  9992
2 44935  53.0553 339.7521 0001549 115.0494 245.0655 15.06389100 85868
STARLINK-1078           
1 44936U 20001Y   21207.99931032  .00019533  00000-0  14307-3 0  9996
2 44936  53.0630 313.3734 0000752 357.3047   2.7966 15.73228436 86254
STARLINK-1079           
1 44937U 20001Z   21208.05783011  .00001095  00000-0  92426-4 0  9990
2 44937  53.0570 338.2107 0001238 109.9323 250.1799 15.06394965 85918
STARLINK-1082           
1 44938U 20001AA  21207.56023033  .00000596  00000-0  58894-4 0  9993
2 44938  53.0554 340.4439 0001320 103.7176 256.3960 15.06392839 85831
STARLINK-1083           
1 44939U 20001AB  21207.56759683  .00002039  00000-0  15572-3 0  9990
2 44939  53.0568 340.4129 0001560 113.9040 246.2112 15.06400122 85834
STARLINK-1091           
1 44940U 20001AC  21207.77770315 -.00000858  00000-0 -38744-4 0  9996
2 44940  53.0550 339.4693 0001563 117.2486 242.8663 15.06393139 85860
STARLINK-1094           
1 44941U 20001AD  21207.73347400 -.00000617  00000-0 -22520-4 0  9996
2 44941  53.0553 339.6680 0001184 119.8938 240.2168 15.06390339 85862
STARLINK-1096           
1 44942U 20001AE  21207.85141547  .00001364  00000-0  11047-3 0  9993
2 44942  53.0560 339.1383 0001453 106.5864 253.5285 15.06398181 85888
STARLINK-1100           
1 44943U 20001AF  21207.56391794  .00001230  00000-0  10150-3 0  9999
2 44943  53.0572 340.4287 0001286 108.0622 252.0507 15.06392841 85836
STARLINK-1108           
1 44944U 20001AG  21207.54548347  .00001173  00000-0  97627-4 0  9997
2 44944  53.0552 340.5133 0001360 114.7705 245.3425 15.06392248 85830
STARLINK-1109           
1 44945U 20001AH  21207.57496781  .00001459  00000-0  11683-3 0  9999
2 44945  53.0570 340.3824 0001459  99.7731 260.3422 15.06397948 85832
STARLINK-1110           
1 44946U 20001AJ  21207.53890346  .00002978  00000-0  21211-3 0  9996
2 44946  53.0049 338.1183 0000869 114.1170 245.9910 15.07566926 85858
STARLINK-1116           
1 44947U 20001AK  21207.59709068 -.00000429  00000-0 -98916-5 0  9992
2 44947  53.0550 340.2812 0001496 105.4881 254.6273 15.06389139 85844
STARLINK-1122           
1 44949U 20001AM  21207.55654516  .00000408  00000-0  46293-4 0  9992
2 44949  53.0563 340.4578 0001500 120.7995 239.3142 15.06396528 85837
STARLINK-1125           
1 44950U 20001AN  21207.77033344  .00000929  00000-0  81277-4 0  9997
2 44950  53.0566 339.5011 0001510 110.6904 249.4247 15.06388546 85864
STARLINK-1126           
1 44951U 20001AP  21207.59358210  .00003389  00000-0  23983-3 0  9992
2 44951  53.0041 338.3101 0000859 124.9985 235.1084 15.07402831 87141
STARLINK-1117           
1 44952U 20001AQ  21207.53811964  .00000345  00000-0  42068-4 0  9992
2 44952  53.0554 340.5440 0001209 119.4275 240.6834 15.06398379 85831
STARLINK-1124           
1 44953U 20001AR  21207.55560295 -.00000564  00000-0 -18997-4 0  9992
2 44953  53.0580 340.4987 0001327 104.5485 255.5651 15.06389435 87124
STARLINK-1066           
1 44954U 20001AS  21207.56945906  .00002866  00000-0  21131-3 0  9998
2 44954  53.0562 320.4011 0001204 130.6975 229.4119 15.06387835 86062
STARLINK-1069           
1 44955U 20001AT  21207.64316346  .00001363  00000-0  11037-3 0  9993
2 44955  53.0557 320.0756 0001056 121.4114 238.6978 15.06392761 86077
STARLINK-1070           
1 44956U 20001AU  21207.70582593 -.00000955  00000-0 -45273-4 0  9998
2 44956  53.0573 319.7883 0001251 109.7479 250.3645 15.06391474 86142
STARLINK-1074           
1 44957U 20001AV  21207.53258158  .00000128  00000-0  27469-4 0  9994
2 44957  53.0556 320.5721 0000844 128.1999 231.9066 15.06394584 86118
STARLINK-1075           
1 44958U 20001AW  21208.40739985  .02315343  62082-2  21531-2 0  9996
2 44958  53.0452 283.2103 0011080 352.5930   7.4758 16.12955519 86714
STARLINK-1076           
1 44959U 20001AX  21207.61366897  .00000156  00000-0  29336-4 0  9991
2 44959  53.0561 320.2027 0001140 121.4401 238.6700 15.06400989 86123
STARLINK-1080           
1 44961U 20001AZ  21207.55470446  .00001450  00000-0  11621-3 0  9998
2 44961  53.0556 320.4666 0001461 116.7321 243.3817 15.06392727 86127
STARLINK-1081           
1 44962U 20001BA  21207.93940538  .00014648  00000-0  13130-3 0  9995
2 44962  53.0554 294.1888 0005229 289.8942  70.1510 15.68601186 86515
STARLINK-1085           
1 44963U 20001BB  21208.07881776  .00001885  00000-0  14129-3 0  9998
2 44963  53.0012 315.9031 0001741 122.9858 237.1299 15.07511831 86941
STARLINK-1086           
1 44964U 20001BC  21207.51783619  .00000802  00000-0  72747-4 0  9993
2 44964  53.0567 320.6357 0001174 106.2302 253.8817 15.06394947 86116
STARLINK-1088           
1 44966U 20001BE  21207.53995764 -.00000417  00000-0 -91365-5 0  9995
2 44966  53.0555 320.5333 0001123 119.3723 240.7378 15.06396896 86116
STARLINK-1089           
1 44967U 20001BF  21207.56207444 -.00000653  00000-0 -24982-4 0  9992
2 44967  53.0556 320.4349 0001423 112.2896 247.8244 15.06391565 86129
STARLINK-1090           
1 44968U 20001BG  21207.55839453 -.00000173  00000-0  72882-5 0  9992
2 44968  53.0553 320.4492 0001307 118.4051 241.7069 15.06392396 86129
STARLINK-1092           
1 44969U 20001BH  21207.55102000  .00001486  00000-0  11866-3 0  9994
2 44969  53.0552 320.4848 0001184 107.3737 252.7381 15.06389369 86119
STARLINK-1093           
1 44970U 20001BJ  21207.52890151  .00000900  00000-0  79306-4 0  9998
2 44970  53.0574 320.5705 0001150 101.3799 258.7319 15.06396164 86100
STARLINK-1095           
1 44971U 20001BK  21207.53947968  .00018921  00000-0  14875-3 0  9990
2 44971  53.0219 295.6713 0003653  14.1349 345.9769 15.71567446 86451
STARLINK-1107           
1 44972U 20001BL  21207.69844501  .00001961  00000-0  15052-3 0  9991
2 44972  53.0544 319.8257 0001155 138.6293 221.4784 15.06400342 86140
STARLINK-1115           
1 44973U 20001BM  21207.67633752 -.00000284  00000-0 -14563-6 0  9992
2 44973  53.0558 319.9183 0001299 122.3395 237.7719 15.06387002 86131
STARLINK-1132           
1 45044U 20006A   21207.51784502 -.00000968  00000-0 -46126-4 0  9997
2 45044  53.0546 280.6329 0000948 121.2208 238.8874 15.06398516 82441
STARLINK-1120           
1 45045U 20006B   21207.57128054  .00000309  00000-0  39647-4 0  9995
2 45045  53.0544 300.3966 0001167 152.7876 207.3174 15.06396385 82177
STARLINK-1129           
1 45046U 20006C   21207.50094068  .00002552  00000-0  18509-3 0  9991
2 45046  52.9989 298.6503 0001162 103.1775 256.9344 15.07432569 82173
STARLINK-1131           
1 45047U 20006D   21207.50862438 -.00000945  00000-0 -44554-4 0  9992
2 45047  53.0561 300.6723 0001037 123.3182 236.7906 15.06391737 82166
STARLINK-1134           
1 45048U 20006E   21207.51599828  .00000922  00000-0  80782-4 0  9990
2 45048  53.0562 300.6346 0001225 117.3606 242.7508 15.06389931 82160
STARLINK-1135           
1 45049U 20006F   21207.51968855 -.00000804  00000-0 -35130-4 0  9999
2 45049  53.0551 300.6284 0000870 131.1990 228.9074 15.06391663 82164
STARLINK-1140           
1 45050U 20006G   21207.52705058  .00001492  00000-0  11903-3 0  9999
2 45050  53.0562 300.5972 0001258 128.1004 232.0099 15.06395630 82165
STARLINK-1141           
1 45051U 20006H   21207.52335776  .00000900  00000-0  79290-4 0  9993
2 45051  53.0542 300.6116 0000855 133.3442 226.7619 15.06402548 82166
STARLINK-1148           
1 45052U 20006J   21207.53442069  .00001778  00000-0  13825-3 0  9994
2 45052  53.0563 300.5626 0000800 142.7410 217.3635 15.06396237 82165
STARLINK-1155           
1 45053U 20006K   21207.52700397  .00003703  00000-0  26544-3 0  9997
2 45053  53.0006 299.8231 0000775 153.7224 206.3804 15.06667049 82164
STARLINK-1156           
1 45054U 20006L   21207.53073925 -.00000635  00000-0 -23772-4 0  9993
2 45054  53.0561 300.5638 0001156 140.9086 219.1987 15.06394502 82165
STARLINK-1159           
1 45057U 20006P   21207.54551710  .00028654  00000-0  19423-2 0  9995
2 45057  53.0541 300.5137 0001675  97.9981 262.1198 15.06254723 82174
STARLINK-1162           
1 45058U 20006Q   21207.53811570  .00001726  00000-0  13475-3 0  9991
2 45058  53.0556 300.5455 0001165 125.4582 234.6515 15.06390102 82171
STARLINK-1165           
1 45059U 20006R   21207.56022202  .00001121  00000-0  94114-4 0  9990
2 45059  53.0543 300.4412 0001134 120.7038 239.4063 15.06399334 82177
STARLINK-1166           
1 45060U 20006S   21207.49019730 -.00000326  00000-0 -30090-5 0  9998
2 45060  53.0557 300.7644 0000936 126.0245 234.0830 15.06388026 82160
STARLINK-1169           
1 45061U 20006T   21207.56391491 -.00000562  00000-0 -18870-4 0  9997
2 45061  53.0553 300.4276 0001074 139.4097 220.6972 15.06395062 82179
STARLINK-1171           
1 45062U 20006U   21207.54918069  .00001925  00000-0  14810-3 0  9993
2 45062  53.0550 300.4894 0001011 115.2756 244.8338 15.06397826 82172
STARLINK-1178           
1 45063U 20006V   21207.50001918  .00128367  00000-0  82414-2 0  9990
2 45063  53.0539 300.6926 0000953 139.2971 220.8090 15.07461217 82162
STARLINK-1133           
1 45064U 20006W   21207.56207381  .00001039  00000-0  88628-4 0  9990
2 45064  53.0539 280.4367 0000935 116.4926 243.6159 15.06391569 82456
STARLINK-1139           
1 45065U 20006X   21207.49940990 -.00000399  00000-0 -79243-5 0  9997
2 45065  53.0550 280.7205 0000738 129.2439 230.8615 15.06391032 82445
STARLINK-1145           
1 45066U 20006Y   21207.47361419 -.00001006  00000-0 -48656-4 0  9998
2 45066  53.0557 280.8328 0000827 126.2559 233.8507 15.06393843 82433
STARLINK-1150           
1 45067U 20006Z   21207.48834800  .00000761  00000-0  69983-4 0  9990
2 45067  53.0537 280.7684 0000834 134.2286 225.8771 15.06392805 82442
STARLINK-1161           
1 45068U 20006AA  21207.47726708  .00000034  00000-0  21175-4 0  9991
2 45068  53.0548 280.8234 0001117 113.4629 246.6478 15.06401993 82435
STARLINK-1163           
1 45069U 20006AB  21207.43403746  .00230918  30770-4  72834-3 0  9996
2 45069  53.0143 266.8604 0002022  75.5622 284.5627 15.90928064 82612
STARLINK-1164           
1 45070U 20006AC  21207.56043472  .01319420  10270-2  19167-2 0  9995
2 45070  53.0463 247.8646 0004754   4.7733 355.3343 16.04835347 82906
STARLINK-1167           
1 45071U 20006AD  21207.52153196 -.00001221  00000-0 -63129-4 0  9992
2 45071  53.0547 280.6187 0000921 130.6899 229.4170 15.06385232 82441
STARLINK-1168           
1 45072U 20006AE  21207.52521001  .00000952  00000-0  82801-4 0  9993
2 45072  53.0550 280.6077 0000573 115.4067 244.6981 15.06396685 82448
STARLINK-1170           
1 45073U 20006AF  21207.48466456  .00000331  00000-0  41136-4 0  9998
2 45073  53.0540 280.7818 0000995 115.4296 244.6796 15.06395284 82431
STARLINK-1172           
1 45074U 20006AG  21207.46992335 -.00000215  00000-0  44345-5 0  9995
2 45074  53.0551 280.8507 0000718 138.9774 221.1269 15.06393025 82430
STARLINK-1174           
1 45075U 20006AH  21207.50310173 -.00003010  00000-0 -18328-3 0  9992
2 45075  53.0553 280.7006 0001183 105.7588 254.3531 15.06401604 82442
STARLINK-1180           
1 45076U 20006AJ  21207.51047344 -.00000818  00000-0 -36007-4 0  9999
2 45076  53.0530 280.6685 0000927 105.1355 254.9737 15.06399482 82445
STARLINK-1182           
1 45077U 20006AK  21207.52026975  .00214503  00000-0  11859-1 0  9999
2 45077  53.0539 280.4939 0001728 132.5394 227.5744 15.12429034 82440
STARLINK-1177           
1 45078U 20006AL  21207.46254749  .00001251  00000-0  10286-3 0  9994
2 45078  53.0538 280.8630 0000811  98.5776 261.5305 15.06397669 82429
STARLINK-1149           
1 45079U 20006AM  21207.50677624  .00000510  00000-0  53134-4 0  9998
2 45079  53.0556 280.6890 0000737 119.4981 240.6082 15.06394793 82430
STARLINK-1153           
1 45080U 20006AN  21207.51415226  .00000935  00000-0  81642-4 0  9995
2 45080  53.0541 280.6529 0001215 119.5143 240.5967 15.06393503 82448
STARLINK-1151           
1 45081U 20006AP  21207.49204472 -.00000739  00000-0 -30774-4 0  9996
2 45081  53.0552 280.7505 0000837 140.1027 220.0024 15.06391065 82444
STARLINK-1160           
1 45082U 20006AQ  21207.48096943  .00000966  00000-0  83719-4 0  9995
2 45082  53.0550 280.8044 0000503 142.2090 217.8934 15.06400322 82435
STARLINK-1190           
1 45083U 20006AR  21207.51232031 -.00000327  00000-0 -30827-5 0  9996
2 45083  53.0552 300.6605 0000977 119.2315 240.8771 15.06391047 82169
STARLINK-1173           
1 45084U 20006AS  21207.42753330  .00000894  00000-0  78886-4 0  9990
2 45084  53.0541 261.0363 0000603 123.0292 237.0755 15.06395731 82717
STARLINK-1179           
1 45085U 20006AT  21207.42385116 -.00001217  00000-0 -62859-4 0  9999
2 45085  53.0536 261.0485 0000374  99.9029 260.2002 15.06390233 82716
STARLINK-1181           
1 45086U 20006AU  21207.42271466  .00001465  00000-0  11632-3 0  9997
2 45086  53.0030 259.8183 0001198 123.1539 236.9565 15.06704421 82630
STARLINK-1185           
1 45087U 20006AV  21207.54179362 -.00003847  00000-0 -23960-3 0  9998
2 45087  53.0537 260.5197 0000455 117.9823 242.1212 15.06394477 82734
STARLINK-1183           
1 45088U 20006AW  21207.43121279  .00000656  00000-0  62905-4 0  9997
2 45088  53.0541 261.0291 0000390 148.5507 211.5506 15.06400385 82718
STARLINK-1136           
1 45089U 20006AX  21207.50125548  .00000473  00000-0  50656-4 0  9996
2 45089  53.0545 260.7119 0000586 111.3925 248.7126 15.06397715 82731
STARLINK-1176           
1 45090U 20006AY  21207.54916701  .00000623  00000-0  60694-4 0  9991
2 45090  53.0539 260.4903 0000736 136.4690 223.6357 15.06398949 82736
STARLINK-1127           
1 45091U 20006AZ  21207.53350541  .00332618  00000-0  18225-2 0  9998
2 45091  53.0535 238.8011 0001525  86.8910 273.2285 15.78337057 83039
STARLINK-1137           
1 45092U 20006BA  21207.45702406  .00000610  00000-0  59811-4 0  9993
2 45092  53.0541 260.9082 0000680 118.0591 242.0466 15.06392585 82712
STARLINK-1142           
1 45093U 20006BB  21207.51967411  .00000460  00000-0  49762-4 0  9997
2 45093  53.0540 260.6239 0000313  86.7165 273.3860 15.06400538 82728
STARLINK-1146           
1 45094U 20006BC  21207.53442139  .00000614  00000-0  60081-4 0  9993
2 45094  53.0529 260.5499 0000687 116.0368 244.0692 15.06397870 82732
STARLINK-1147           
1 45095U 20006BD  21207.53811474  .00001074  00000-0  90976-4 0  9993
2 45095  53.0545 260.5381 0000529 121.9986 238.1055 15.06393565 82731
STARLINK-1152           
1 45096U 20006BE  21207.53074932  .00000632  00000-0  61332-4 0  9997
2 45096  53.0545 260.5814 0000400 108.9509 251.1523 15.06385352 82726
STARLINK-1184           
1 45098U 20006BG  21207.51230953 -.00000155  00000-0  84571-5 0  9996
2 45098  53.0542 260.6579 0000558 135.2764 224.8270 15.06396818 82729
STARLINK-1186           
1 45099U 20006BH  21207.41279729 -.00000479  00000-0 -13280-4 0  9998
2 45099  53.0530 261.0937 0000598 137.7038 222.3997 15.06392027 82711
STARLINK-1193           
1 45100U 20006BJ  21207.44227443  .00000729  00000-0  67807-4 0  9990
2 45100  53.0528 260.9766 0000384  97.6972 262.4061 15.06399775 82717
STARLINK-1194           
1 45101U 20006BK  21207.50493110  .00000762  00000-0  70001-4 0  9991
2 45101  53.0535 260.6859 0000504 159.2920 200.8090 15.06398826 82723
STARLINK-1195           
1 45102U 20006BL  21207.52705840 -.00000914  00000-0 -42482-4 0  9993
2 45102  53.0544 260.5951 0000586 106.1571 253.9482 15.06394262 82723
STARLINK-1196           
1 45103U 20006BM  21207.48651171  .00000594  00000-0  58761-4 0  9995
2 45103  53.0535 260.7864 0000692 202.8761 157.2198 15.06392101 82722
STARLINK-1138           
1 45178U 20012A   21208.00991367  .00001673  00000-0  13123-3 0  9998
2 45178  53.0548  58.4208 0001797  96.1119 264.0075 15.06394151 79960
STARLINK-1143           
1 45179U 20012B   21207.08474044 -.00000916  00000-0 -42639-4 0  9990
2 45179  53.0559  62.5830 0001534  98.1420 261.9743 15.06391485 80479
STARLINK-1192           
1 45180U 20012C   21207.00733851 -.00000661  00000-0 -25508-4 0  9991
2 45180  53.0562  62.9297 0001730  92.5009 267.6179 15.06397448 80465
STARLINK-1200           
1 45181U 20012D   21207.99885865 -.00000661  00000-0 -25507-4 0  9992
2 45181  53.0548  58.4693 0001920  86.4314 273.6894 15.06388561 79962
STARLINK-1201           
1 45182U 20012E   21207.82008825  .00001154  00000-0  96367-4 0  9996
2 45182  53.0558  39.2785 0002080  93.7649 266.3578 15.06402583 80223
STARLINK-1202           
1 45183U 20012F   21207.57130303 -.00000348  00000-0 -44301-5 0  9994
2 45183  53.0552  60.3898 0001710  96.2181 263.9003 15.06390177 80553
STARLINK-1205           
1 45184U 20012G   21207.56206022  .00001069  00000-0  90642-4 0  9993
2 45184  53.0567  40.4383 0001807  96.2440 263.8755 15.06405072 79869
STARLINK-1216           
1 45185U 20012H   21207.29851726  .00002987  00000-0  21926-3 0  9999
2 45185  53.0551  61.6163 0001800  97.4583 262.6611 15.06411137 80452
STARLINK-1224           
1 45186U 20012J   21207.77769607  .00001236  00000-0  10185-3 0  9990
2 45186  53.0551  59.4638 0001498  99.6173 260.4985 15.06396592 79935
STARLINK-1225           
1 45187U 20012K   21207.98042612 -.00000530  00000-0 -16653-4 0  9999
2 45187  53.0556  58.5635 0001967  95.3893 264.7320 15.06392585 79715
STARLINK-1228           
1 45188U 20012L   21207.54547730  .00001394  00000-0  11249-3 0  9995
2 45188  53.0555  20.5126 0001836  97.5906 262.5292 15.06403739 81051
STARLINK-1230           
1 45189U 20012M   21207.32064454 -.00000662  00000-0 -25524-4 0  9990
2 45189  53.0553  61.5163 0001928  83.7713 276.3496 15.06399346 77738
STARLINK-1234           
1 45190U 20012N   21207.86984754  .00001097  00000-0  92534-4 0  9991
2 45190  53.0541  19.0568 0001075  88.0491 272.0621 15.06386751 80179
STARLINK-1236           
1 45191U 20012P   21207.32801720 -.00000161  00000-0  80765-5 0  9990
2 45191  53.0558  61.4867 0002135  97.9142 262.2089 15.06405091 77726
STARLINK-1237           
1 45192U 20012Q   21207.30222152 -.00000607  00000-0 -21868-4 0  9999
2 45192  53.0560  61.6008 0002079  99.8753 260.2471 15.06391384 80518
STARLINK-1239           
1 45193U 20012R   21207.29116402 -.00000464  00000-0 -12257-4 0  9991
2 45193  53.0549  61.6503 0001689  91.8919 268.2264 15.06386988 80453
STARLINK-1240           
1 45194U 20012S   21207.75929443  .00001056  00000-0  89764-4 0  9993
2 45194  53.0554  59.5475 0001811  85.7965 274.3231 15.06398013 79647
